1801
1 2
2 3
3 4
5 4
5 6
7 6
4 8
9 8
10 8
4 11
12 11
3 13
13 14
15 14
15 16
17 16
17 18
19 16
20 19
20 21
22 15
22 23
24 23
25 24
23 26
22 27
27 28
29 28
30 29
31 30
32 31
33 32
31 34
31 35
36 30
28 37
38 28
39 38
40 15
14 41
41 42
43 42
43 44
42 45
46 45
47 46
48 47
49 46
50 49
51 50
49 52
53 52
54 46
55 45
55 56
57 41
13 58
58 59
60 59
61 58
62 13
62 63
64 63
65 64
63 66
67 66
66 68
63 69
70 62
70 71
71 72
73 72
74 72
71 75
75 76
76 77
77 78
79 76
80 76
81 80
82 75
82 83
84 83
83 85
82 86
86 87
88 86
70 89
90 89
91 90
92 91
92 93
91 94
94 95
96 89
97 96
98 97
98 99
98 100
101 70
101 102
103 102
103 104
105 102
106 105
107 105
101 108
108 109
110 109
111 109
109 112
3 113
114 113
115 114
116 114
114 117
117 118
113 119
113 120
120 121
122 120
123 122
124 120
125 124
126 2
126 127
128 127
128 129
130 129
130 131
131 132
133 132
133 134
135 134
135 136
137 136
137 138
139 137
139 140
141 139
142 133
143 142
143 144
145 144
142 146
146 147
148 147
146 149
150 133
150 151
152 131
153 152
153 154
155 154
156 155
156 157
157 158
159 153
160 153
160 161
152 162
163 162
163 164
165 163
166 152
166 167
168 167
169 168
167 170
170 171
170 172
172 173
170 174
175 174
131 176
177 176
177 178
178 179
180 179
180 181
181 182
183 182
182 184
181 185
185 186
187 186
188 186
188 189
190 185
191 180
191 192
192 193
194 193
195 193
196 193
196 197
192 198
192 199
199 200
199 201
202 191
202 203
202 204
205 180
205 206
206 207
207 208
208 209
210 209
211 208
212 211
213 211
214 213
215 207
216 215
217 216
215 218
219 218
220 215
221 220
221 222
220 223
224 223
223 225
225 226
223 227
227 228
220 229
229 230
231 230
232 231
232 233
231 234
234 235
234 236
229 237
238 237
238 239
238 240
241 240
242 240
240 243
237 244
205 245
246 245
247 245
247 248
249 248
250 245
251 177
252 251
253 252
253 254
254 255
256 255
257 254
253 258
258 259
258 260
260 261
261 262
263 261
252 264
264 265
265 266
252 267
268 267
268 269
270 267
270 271
271 272
270 273
273 274
270 275
276 275
277 275
177 278
279 129
279 280
280 281
282 281
283 282
284 283
284 285
285 286
285 287
288 287
289 287
290 284
290 291
290 292
293 283
293 294
294 295
293 296
293 297
298 282
298 299
298 300
301 300
302 301
303 300
303 304
305 304
306 305
306 307
308 304
309 303
310 309
310 311
311 312
312 313
313 314
315 314
316 313
317 311
318 303
319 318
319 320
320 321
321 322
323 322
324 323
322 325
326 325
327 322
328 327
327 329
321 330
331 298
332 331
332 333
334 333
334 335
334 336
337 334
338 337
333 339
339 340
340 341
341 342
343 341
344 343
345 344
346 343
346 347
348 347
349 347
347 350
351 339
351 352
353 351
353 354
354 355
356 354
354 357
358 357
353 359
359 360
360 361
360 362
362 363
339 364
279 365
366 365
366 367
365 368
368 369
370 369
369 371
372 129
373 372
374 373
374 375
375 376
377 376
378 377
379 378
380 379
380 381
380 382
383 379
384 379
385 378
385 386
387 377
388 387
389 387
390 387
390 391
391 392
377 393
394 393
394 395
396 395
396 397
397 398
399 398
397 400
400 401
402 397
402 403
402 404
405 395
406 405
406 407
408 407
409 406
409 410
411 405
411 412
413 411
413 414
395 415
415 416
417 416
417 418
419 415
419 420
421 420
422 420
423 422
424 423
425 419
425 426
426 427
427 428
429 419
430 375
431 430
432 431
431 433
433 434
434 435
435 436
433 437
437 438
439 433
439 440
440 441
441 442
441 443
444 430
444 445
445 446
447 446
448 446
448 449
445 450
451 445
444 452
453 452
454 444
454 455
456 455
457 430
458 457
459 458
460 459
461 460
462 457
463 462
463 464
465 464
466 464
467 466
467 468
467 469
462 470
471 470
471 472
472 473
470 474
474 475
476 475
476 477
478 476
479 470
480 479
481 480
479 482
482 483
484 373
484 485
486 485
487 486
488 487
486 489
490 486
491 490
491 492
493 492
492 494
495 494
496 494
497 494
492 498
499 491
491 500
500 501
500 502
502 503
485 504
504 505
505 506
506 507
508 507
508 509
510 509
511 510
512 507
512 513
513 514
515 513
516 515
517 515
507 518
518 519
519 520
520 521
521 522
523 521
524 523
525 520
526 525
527 520
528 518
528 529
529 530
531 528
532 506
533 532
534 504
535 534
535 536
537 536
538 536
535 539
539 540
541 539
534 542
542 543
544 543
485 545
545 546
547 546
546 548
549 548
549 550
548 551
552 548
546 553
554 553
553 555
556 553
556 557
556 558
545 559
559 560
561 560
559 562
563 562
562 564
565 562
559 566
567 566
568 566
569 568
568 570
571 568
572 571
573 545
573 574
574 575
575 576
577 576
578 575
578 579
580 579
580 581
582 578
583 575
583 584
583 585
585 586
587 583
574 588
574 589
590 589
590 591
591 592
591 593
593 594
590 595
596 595
597 590
598 597
599 597
600 599
601 597
602 601
603 602
604 602
589 605
606 605
607 606
608 607
606 609
610 484
610 611
611 612
612 613
613 614
613 615
616 615
617 612
617 618
619 617
612 620
621 620
611 622
623 622
623 624
625 611
626 625
626 627
625 628
628 629
630 628
630 631
630 632
630 633
633 634
633 635
636 610
637 636
637 638
639 638
640 639
638 641
642 636
610 643
644 643
644 645
646 644
647 644
648 643
649 648
373 650
651 650
652 651
653 652
654 653
655 654
655 656
655 657
658 657
659 657
660 657
661 655
661 662
663 654
663 664
665 664
666 665
666 667
667 668
669 668
670 669
671 669
672 669
673 672
668 674
675 674
675 676
677 675
674 678
679 666
664 680
681 654
682 681
681 683
684 653
685 684
686 685
687 686
688 687
688 689
689 690
691 690
690 692
693 692
693 694
695 692
690 696
696 697
698 696
689 699
699 700
699 701
688 702
703 702
688 704
685 705
705 706
707 706
707 708
709 706
709 710
711 705
711 712
713 712
713 714
715 714
716 714
717 714
718 713
719 718
720 719
719 721
722 718
718 723
652 724
724 725
726 725
727 726
728 725
729 728
729 730
731 725
732 731
724 733
733 734
734 735
736 734
737 734
733 738
739 651
740 739
741 740
742 741
742 743
742 744
744 745
746 740
747 746
740 748
749 748
128 750
751 750
752 751
753 752
753 754
754 755
756 755
757 756
758 757
758 759
760 758
758 761
761 762
761 763
761 764
765 755
765 766
765 767
768 767
765 769
770 769
771 770
772 770
773 755
774 773
775 774
775 776
776 777
778 777
753 779
779 780
780 781
782 753
782 783
784 783
784 785
786 785
787 786
788 787
789 788
790 788
791 788
792 784
792 793
794 793
795 793
793 796
792 797
797 798
799 797
800 799
801 782
801 802
802 803
803 804
804 805
805 806
807 806
807 808
809 808
810 809
811 810
812 811
812 813
814 813
815 814
816 812
816 817
818 812
810 819
819 820
809 821
821 822
823 822
823 824
824 825
825 826
827 826
824 828
824 829
823 830
830 831
831 832
831 833
834 831
835 830
808 836
837 836
837 838
836 839
840 839
839 841
842 751
842 843
844 843
845 844
845 846
846 847
844 848
849 848
850 849
850 851
852 850
853 850
854 849
855 854
856 849
857 848
857 858
857 859
860 859
861 860
862 859
863 859
857 864
864 865
866 865
866 867
868 866
869 865
870 869
869 871
869 872
842 873
874 873
874 875
876 875
877 876
878 877
876 879
880 879
880 881
881 882
883 882
882 884
884 885
886 881
886 887
888 880
889 880
890 889
890 891
892 891
893 892
894 893
892 895
896 891
896 897
898 890
899 898
899 900
901 899
890 902
903 902
903 904
876 905
906 905
907 906
906 908
909 908
909 910
911 908
911 912
913 906
913 914
915 913
905 916
917 916
917 918
919 916
919 920
920 921
922 921
923 922
924 920
924 925
905 926
927 926
875 928
929 928
930 929
930 931
932 931
932 933
933 934
933 935
929 936
929 937
937 938
874 939
940 939
940 941
942 941
943 942
944 942
945 944
946 941
946 947
948 947
949 948
949 950
951 950
952 949
952 953
954 953
955 948
956 955
955 957
958 948
958 959
960 946
961 960
961 962
962 963
962 964
965 964
966 965
966 967
968 960
968 969
970 968
971 960
972 971
972 973
974 973
975 973
973 976
977 972
972 978
979 971
979 980
981 980
982 981
983 982
983 984
985 984
986 984
987 986
987 988
989 988
988 990
991 990
988 992
993 987
994 982
995 994
996 994
996 997
996 998
999 982
1000 999
1001 946
1001 1002
1002 1003
1004 1003
1003 1005
1002 1006
1007 1006
1008 1006
1009 1006
1009 1010
1011 1002
1011 1012
1012 1013
1013 1014
1014 1015
1015 1016
1017 1016
1016 1018
1019 1015
1020 1015
1001 1021
1021 1022
1021 1023
1021 1024
1025 1001
1026 1025
1027 1026
1028 1027
1029 1028
1030 1029
1031 1028
1032 1027
1032 1033
1034 1033
1032 1035
1032 1036
1036 1037
1038 1027
1039 1026
1040 1026
1041 1040
1041 1042
1041 1043
1043 1044
1040 1045
1046 1045
1047 1046
1045 1048
1049 1048
1050 1048
1051 1050
1051 1052
1053 1050
1050 1054
940 1055
1056 1055
1057 1056
1057 1058
1059 1058
1060 1059
1060 1061
1062 1059
1059 1063
1056 1064
1064 1065
1064 1066
1067 1055
1067 1068
1069 1068
1069 1070
1070 1071
1072 1069
1073 1069
1074 1067
1075 1074
1076 1074
1077 842
1077 1078
1079 1078
1080 1079
1080 1081
1080 1082
1080 1083
1084 1079
1084 1085
1086 1085
1087 1079
1087 1088
1089 1087
1089 1090
1091 1090
1092 1090
1092 1093
1090 1094
1095 1089
1096 1095
1095 1097
1097 1098
1099 1078
1100 1099
1100 1101
1101 1102
1102 1103
1104 1103
1105 1104
1104 1106
1102 1107
1108 1101
1109 1108
1099 1110
1111 1110
1112 1111
1112 1113
1113 1114
1115 1114
1116 1113
1117 1116
1118 1117
1118 1119
1120 1118
1120 1121
1122 1118
1122 1123
1113 1124
1112 1125
1126 1125
1126 1127
1128 1127
1129 1126
1130 1126
1131 1125
1132 1131
1133 1132
1134 1133
1135 1134
1131 1136
1137 1131
1138 1137
1139 1137
1140 1137
1110 1141
1141 1142
1143 1142
1144 1143
1145 1144
1146 1145
1146 1147
1147 1148
1149 1147
1150 1147
1150 1151
1151 1152
1153 1145
1154 1153
1153 1155
1144 1156
1157 1142
1158 1157
1159 1158
1159 1160
1158 1161
1142 1162
1162 1163
1164 1163
1164 1165
1165 1166
1167 1166
1164 1168
1168 1169
1170 1168
1164 1171
1162 1172
1172 1173
1174 1172
1175 1174
1175 1176
1141 1177
1177 1178
1179 1177
1180 1141
1181 1180
1182 1181
1110 1183
1183 1184
1185 1184
1185 1186
1186 1187
1186 1188
1188 1189
1190 1189
1189 1191
1192 1188
1193 1186
1184 1194
1195 1194
1196 1195
1099 1197
1197 1198
1199 1198
1200 1199
1201 1200
1202 1201
1203 1202
1203 1204
1205 1203
1206 1203
1207 1201
1207 1208
1209 1201
1210 1209
1211 1210
1210 1212
1212 1213
1214 1210
1209 1215
1215 1216
1217 1216
1218 1217
1219 1216
1219 1220
1221 1215
1221 1222
1221 1223
1224 1221
1209 1225
1225 1226
1225 1227
1199 1228
1229 1228
1230 1229
1231 1230
1232 1231
1231 1233
1234 1233
1235 1231
1235 1236
1237 1199
1238 1237
1238 1239
1240 1238
1240 1241
1242 1241
1243 1241
1244 1243
1241 1245
1245 1246
1247 1237
1247 1248
1247 1249
1249 1250
1251 1197
1251 1252
1253 1252
1253 1254
1251 1255
1256 1197
1257 1256
1257 1258
1258 1259
1257 1260
1261 1260
1256 1262
1263 1262
1264 1262
1262 1265
1077 1266
1266 1267
1268 1267
1268 1269
1270 1267
1267 1271
1272 1271
1273 1271
1274 1273
1273 1275
1276 1266
1277 1276
1278 1277
1279 1278
1279 1280
1281 1280
1281 1282
1283 1278
1284 1276
1285 1284
1285 1286
1287 1286
1286 1288
1289 1288
1289 1290
1291 1290
1292 1291
1293 1291
1294 1293
1294 1295
1296 1295
1297 1295
1293 1298
1293 1299
1300 1299
1301 1300
1302 1301
1303 1302
1299 1304
1305 1288
1306 1284
1307 1306
1308 1307
1306 1309
1309 1310
1306 1311
1311 1312
1313 1284
1313 1314
1315 1314
1315 1316
1316 1317
1318 1314
1318 1319
1320 1319
1320 1321
1321 1322
1322 1323
1321 1324
1325 1321
1326 1325
1327 1266
1327 1328
1329 1328
1330 1329
1330 1331
1331 1332
1333 1331
1330 1334
1335 1329
1336 1335
1337 1328
1337 1338
1337 1339
1340 1339
1341 1340
1342 1340
1340 1343
1344 1343
1345 1339
1346 1345
1347 1346
1345 1348
751 1349
1349 1350
1351 1350
1351 1352
1352 1353
1354 1353
1355 1354
1356 1354
1353 1357
1358 1357
1357 1359
1359 1360
1361 1357
1362 1353
1351 1363
1364 1363
1365 1364
1366 1365
1367 1366
1368 1367
1365 1369
1364 1370
1363 1371
1372 1371
1372 1373
1374 1351
1374 1375
1376 1375
1374 1377
1378 1377
1378 1379
1380 1379
1380 1381
1382 1380
1383 1382
1379 1384
1385 1384
1384 1386
1386 1387
1387 1388
1384 1389
1378 1390
1350 1391
1392 1391
1393 1392
1393 1394
1394 1395
1396 1394
1397 1394
1397 1398
1399 1397
1400 1397
1349 1401
1402 1401
1402 1403
1402 1404
1405 1404
1406 1405
1407 1406
1405 1408
1404 1409
1410 1404
1411 1410
1412 1411
1401 1413
1401 1414
750 1415
1415 1416
1417 1416
1417 1418
1418 1419
1419 1420
1417 1421
1422 1416
1422 1423
1424 1423
1422 1425
1422 1426
1427 1416
1428 1427
1429 1427
1430 1429
1431 1430
1431 1432
1431 1433
1431 1434
1434 1435
1435 1436
1437 1430
1438 1437
1439 1429
1440 1439
1440 1441
1442 1440
1443 1442
1444 1440
1445 1439
1445 1446
1447 1415
1447 1448
1448 1449
1450 1449
1451 1450
1452 1451
1453 1452
1452 1454
1455 1454
1452 1456
1450 1457
1458 1457
1458 1459
1460 1459
1461 1457
1462 1461
1462 1463
1464 1463
1462 1465
1466 1457
1466 1467
1450 1468
1468 1469
1469 1470
1415 1471
1472 1471
1472 1473
1474 1473
1475 1473
1476 1475
1477 1476
1478 1476
1473 1479
1479 1480
1481 1472
1482 1471
1482 1483
1471 1484
1484 1485
1486 128
1487 1486
1487 1488
1489 1488
1489 1490
1491 1490
1492 1491
1491 1493
1490 1494
1495 1490
1495 1496
1489 1497
1497 1498
1488 1499
1500 1499
1501 1500
1499 1502
1502 1503
1504 1503
1505 1504
1506 1505
1507 1505
1508 1504
1509 1502
1509 1510
1511 1509
1512 1509
1513 1512
1513 1514
1515 1487
1516 1515
1517 1516
1518 1517
1518 1519
1520 1519
1521 1520
1522 1521
1521 1523
1524 1520
1525 1524
1526 1524
1527 1526
1526 1528
1524 1529
1530 1529
1531 1529
1532 1520
1533 1532
1534 1533
1535 1532
1536 1535
1537 1536
1537 1538
1539 1537
1539 1540
1535 1541
1518 1542
1542 1543
1543 1544
1545 1544
1546 1545
1547 1546
1548 1547
1548 1549
1550 1549
1550 1551
1552 1551
1550 1553
1549 1554
1555 1546
1556 1546
1557 1556
1557 1558
1559 1557
1559 1560
1561 1560
1562 1560
1560 1563
1564 1563
1565 1563
1566 1563
1567 1556
1568 1544
1568 1569
1569 1570
1570 1571
1571 1572
1572 1573
1572 1574
1575 1571
1575 1576
1576 1577
1578 1577
1577 1579
1580 1576
1580 1581
1582 1581
1576 1583
1583 1584
1585 1575
1586 1585
1585 1587
1588 1587
1544 1589
1590 1589
1590 1591
1591 1592
1591 1593
1593 1594
1591 1595
1596 1595
1597 1596
1589 1598
1599 1598
1600 1599
1600 1601
1602 1600
1599 1603
1604 1603
1605 1604
1604 1606
1607 1606
1608 1603
1608 1609
1610 1608
1599 1611
1612 1611
1612 1613
1612 1614
1614 1615
1616 1614
1614 1617
1611 1618
1618 1619
1598 1620
1621 1620
1622 1620
1623 1622
1624 1623
1625 1623
1625 1626
1626 1627
1628 1626
1629 1626
1630 1625
1631 1623
1620 1632
1633 1632
1543 1634
1634 1635
1636 1635
1637 1635
1638 1635
1639 1634
1639 1640
1639 1641
1642 1641
1643 1642
1642 1644
1641 1645
1646 1645
1645 1647
1648 1647
1649 1645
1650 1634
1650 1651
1651 1652
1653 1652
1654 1652
1652 1655
1655 1656
1656 1657
1658 1655
1651 1659
1660 1659
1659 1661
1662 1661
1663 1659
1664 1651
1664 1665
1664 1666
1667 1666
1668 1664
1669 1668
1669 1670
1671 1670
1671 1672
1673 1672
1671 1674
1675 1670
1675 1676
1670 1677
1543 1678
1679 1678
1680 1679
1680 1681
1682 1680
1682 1683
1682 1684
1679 1685
1686 1685
1687 1679
1688 1687
1689 1688
1515 1690
1691 1690
1692 1691
1692 1693
1691 1694
1695 1694
1696 1690
1697 1696
1696 1698
1696 1699
1700 1486
1701 1700
1702 1701
1702 1703
1704 1702
1701 1705
1701 1706
1706 1707
1708 1707
1706 1709
1709 1710
1710 1711
1712 1711
1709 1713
1714 1713
1700 1715
1715 1716
1717 1716
1718 1717
1719 1717
1716 1720
1721 1486
1721 1722
1722 1723
1724 1722
1725 1724
1725 1726
1727 1722
1727 1728
1729 1728
1730 1727
1731 1730
1721 1732
1733 1732
1733 1734
1735 1734
1736 1735
1736 1737
1738 1737
1739 1738
1739 1740
1741 1740
1741 1742
1743 1742
1740 1744
1745 1744
1746 1739
1747 1746
1746 1748
1749 1739
1749 1750
1749 1751
1735 1752
1753 1752
1754 1733
1755 1754
1756 1755
1757 1754
1757 1758
1759 1754
1759 1760
1761 1721
1761 1762
1763 2
1764 1763
1764 1765
1766 1765
1767 1766
1768 1767
1765 1769
1769 1770
1771 1770
1770 1772
1772 1773
1770 1774
1775 1765
1775 1776
1776 1777
1778 1775
1778 1779
1779 1780
1775 1781
1782 1781
1783 1781
1784 1764
1785 1784
1785 1786
1787 1786
1786 1788
1789 1784
1790 1789
1790 1791
1791 1792
1793 1790
1793 1794
1795 1793
1796 1793
1797 1790
1797 1798
1789 1799
1799 1800
1801 1800
