2491
1 2
3 2
3 4
4 5
6 5
6 7
8 7
8 9
10 9
9 11
12 9
7 13
14 13
13 15
16 15
15 17
7 18
19 18
20 18
20 21
20 22
20 23
7 24
24 25
7 26
26 27
7 28
28 29
29 30
29 31
6 32
32 33
34 33
35 34
33 36
37 33
38 32
39 38
32 40
41 40
40 42
40 43
44 40
45 40
32 46
47 46
48 46
49 46
50 49
51 46
4 52
53 52
53 54
52 55
56 55
57 55
58 57
55 59
60 55
61 60
62 60
60 63
64 60
60 65
66 55
67 66
55 68
68 69
70 52
70 71
72 71
73 71
74 71
75 71
52 76
76 77
76 78
79 52
4 80
81 80
81 82
83 82
84 83
85 84
86 85
87 85
85 88
89 85
90 84
91 90
92 90
93 90
94 90
90 95
90 96
82 97
97 98
82 99
99 100
100 101
101 102
101 103
104 103
103 105
103 106
103 107
108 101
101 109
109 110
110 111
111 112
113 82
113 114
115 113
116 113
113 117
118 82
119 118
119 120
121 81
122 121
122 123
124 123
125 122
126 122
122 127
121 128
129 128
129 130
129 131
132 131
133 131
133 134
135 131
136 131
131 137
131 138
139 138
140 128
141 140
142 141
142 143
144 142
144 145
146 144
147 142
148 147
149 142
150 140
150 151
152 140
153 152
153 154
154 155
154 156
157 153
153 158
159 153
153 160
140 161
161 162
163 161
128 164
165 164
165 166
166 167
167 168
169 166
166 170
165 171
171 172
171 173
173 174
173 175
176 171
177 176
165 178
179 178
180 178
178 181
182 178
183 178
184 165
185 165
185 186
187 165
187 188
187 189
190 187
81 191
192 80
192 193
192 194
194 195
192 196
196 197
197 198
198 199
200 198
200 201
202 200
203 198
204 198
205 204
206 198
207 192
207 208
207 209
209 210
210 211
207 212
212 213
214 207
214 215
216 80
217 216
218 216
218 219
218 220
221 220
222 220
223 220
220 224
218 225
225 226
225 227
228 218
228 229
230 228
218 231
232 231
216 233
234 233
216 235
236 235
237 235
80 238
4 239
240 239
241 240
242 241
243 240
244 243
245 244
246 244
244 247
240 248
249 248
250 249
248 251
240 252
252 253
240 254
254 255
254 256
254 257
258 254
259 258
260 240
260 261
262 260
263 262
264 260
260 265
265 266
267 239
267 268
268 269
269 270
271 270
270 272
273 270
274 273
273 275
273 276
269 277
277 278
279 277
280 277
277 281
282 277
269 283
284 283
284 285
286 284
284 287
284 288
289 283
290 289
283 291
291 292
291 293
294 267
294 295
295 296
297 295
298 294
299 298
299 300
298 301
302 301
303 298
304 303
305 298
298 306
307 306
298 308
294 309
309 310
311 309
309 312
313 239
314 4
315 314
315 316
316 317
316 318
315 319
320 319
319 321
322 319
314 323
323 324
324 325
325 326
325 327
325 328
329 324
330 329
329 331
329 332
324 333
334 333
335 333
336 333
337 336
336 338
336 339
340 324
340 341
342 340
343 324
344 343
345 344
346 323
347 346
347 348
347 349
346 350
350 351
351 352
353 352
354 351
355 351
356 355
357 346
358 357
359 357
357 360
357 361
346 362
363 362
362 364
365 346
365 366
367 365
368 346
368 369
370 323
371 370
371 372
373 371
374 373
373 375
376 375
376 377
375 378
375 379
380 375
380 381
382 375
382 383
384 373
371 385
386 385
387 385
388 385
370 389
390 389
390 391
391 392
393 391
394 391
395 391
389 396
397 396
398 396
389 399
399 400
401 399
402 399
403 389
404 403
405 403
389 406
407 406
406 408
409 389
410 370
411 410
410 412
410 413
410 414
410 415
410 416
370 417
418 417
418 419
420 418
418 421
422 421
421 423
421 424
421 425
426 421
427 426
428 417
429 370
429 430
429 431
432 429
433 429
433 434
314 435
435 436
436 437
438 435
435 439
440 435
441 435
442 441
441 443
444 435
445 314
445 446
447 446
446 448
448 449
450 446
446 451
452 446
446 453
445 454
455 454
445 456
456 457
458 456
459 458
460 458
456 461
462 461
463 445
445 464
465 464
464 466
445 467
467 468
469 467
470 467
471 467
472 467
473 4
473 474
475 474
476 474
474 477
474 478
479 474
480 473
481 480
482 480
482 483
480 484
485 484
480 486
487 486
473 488
489 488
490 473
490 491
491 492
492 493
494 491
490 495
495 496
497 496
498 496
498 499
500 498
500 501
502 498
498 503
504 498
504 505
506 504
506 507
508 504
496 509
510 509
511 509
496 512
512 513
514 495
514 515
516 514
490 517
518 517
518 519
520 518
521 3
521 522
523 522
523 524
524 525
524 526
527 526
528 527
528 529
529 530
531 527
532 531
533 531
531 534
531 535
531 536
537 526
524 538
539 538
540 524
541 540
542 540
540 543
544 522
544 545
545 546
546 547
548 546
549 545
550 545
545 551
552 551
552 553
552 554
555 545
556 544
557 544
557 558
557 559
560 559
560 561
560 562
560 563
559 564
559 565
559 566
566 567
568 566
559 569
570 544
571 570
572 570
572 573
574 573
574 575
576 572
577 570
578 570
579 570
579 580
581 580
582 580
583 579
570 584
585 584
586 584
584 587
588 587
589 587
590 544
590 591
592 591
593 591
593 594
590 595
596 590
597 596
596 598
590 599
590 600
601 600
602 600
603 522
604 603
605 604
606 605
607 605
605 608
604 609
610 604
611 610
604 612
612 613
612 614
615 603
616 615
616 617
615 618
618 619
619 620
621 619
622 618
623 618
624 618
625 618
625 626
627 522
627 628
629 628
630 629
630 631
630 632
632 633
634 632
635 627
636 635
637 636
638 635
627 639
639 640
641 640
642 641
643 642
642 644
642 645
646 642
647 639
647 648
649 648
647 650
647 651
627 652
653 652
654 627
654 655
656 654
654 657
3 658
659 658
659 660
661 660
662 660
663 659
664 663
659 665
659 666
666 667
666 668
659 669
669 670
670 671
670 672
673 670
674 670
675 658
676 675
676 677
676 678
676 679
675 680
680 681
681 682
683 682
684 682
684 685
686 682
681 687
687 688
681 689
690 689
691 690
692 690
693 690
694 693
690 695
695 696
697 690
690 698
698 699
681 700
681 701
702 680
703 702
704 703
705 703
703 706
702 707
708 707
709 708
710 708
707 711
711 712
711 713
707 714
702 715
716 715
717 716
718 716
719 716
716 720
721 715
702 722
722 723
722 724
722 725
725 726
727 722
728 727
727 729
730 722
731 730
722 732
680 733
734 733
735 734
736 735
734 737
737 738
739 737
734 740
741 740
740 742
740 743
744 740
744 745
744 746
734 747
747 748
748 749
750 748
751 748
748 752
753 748
680 754
754 755
754 756
757 756
754 758
758 759
754 760
761 754
762 761
754 763
658 764
765 764
765 766
767 766
767 768
769 768
768 770
771 767
771 772
771 773
774 771
775 771
776 775
777 767
778 767
779 778
780 779
781 779
782 779
778 783
784 778
784 785
786 784
787 778
788 765
788 789
789 790
789 791
788 792
792 793
794 792
788 795
796 795
788 797
764 798
799 798
799 800
801 798
802 801
803 798
803 804
803 805
803 806
803 807
807 808
807 809
807 810
811 798
812 811
813 811
811 814
811 815
764 816
817 816
818 816
819 818
816 820
820 821
821 822
821 823
824 820
825 824
826 820
827 816
827 828
829 816
830 829
831 829
831 832
829 833
834 816
835 834
836 658
837 836
837 838
838 839
838 840
840 841
838 842
842 843
844 842
845 838
846 838
847 837
848 847
849 848
850 848
851 848
851 852
851 853
851 854
848 855
856 855
857 847
858 847
858 859
860 859
861 860
862 859
863 859
864 859
865 847
866 847
866 867
867 868
867 869
867 870
837 871
871 872
872 873
874 873
873 875
876 873
877 873
878 872
878 879
880 872
881 880
881 882
880 883
884 883
883 885
883 886
887 883
888 883
880 889
890 880
872 891
891 892
893 891
872 894
895 894
896 871
897 896
898 897
871 899
899 900
899 901
899 902
871 903
871 904
904 905
906 904
907 904
904 908
904 909
871 910
911 910
912 911
912 913
912 914
915 911
916 911
911 917
918 917
919 917
911 920
921 920
910 922
922 923
922 924
925 922
922 926
922 927
922 928
929 928
930 928
910 931
932 931
933 837
934 933
934 935
933 936
937 936
938 937
939 937
939 940
936 941
941 942
943 942
944 941
941 945
945 946
945 947
945 948
949 945
950 945
951 941
952 951
953 837
953 954
955 954
954 956
957 956
956 958
959 954
960 953
961 953
962 953
962 963
964 962
837 965
966 965
967 965
968 965
968 969
969 970
971 969
971 972
973 971
969 974
965 975
976 975
836 977
978 977
979 978
980 978
981 980
982 981
983 982
982 984
985 982
982 986
982 987
980 988
989 978
989 990
991 989
992 836
992 993
994 993
993 995
993 996
992 997
998 997
998 999
1000 998
1001 998
1002 998
997 1003
1003 1004
1003 1005
1006 997
1006 1007
1008 1007
1007 1009
1007 1010
1011 1007
1012 1007
1013 997
1013 1014
1013 1015
1016 1013
1016 1017
1013 1018
1019 1013
1020 992
1020 1021
1020 1022
1020 1023
1024 1020
1025 992
1026 1025
2 1027
1027 1028
1029 1028
1029 1030
1031 1029
1028 1032
1028 1033
1027 1034
1034 1035
1034 1036
1036 1037
1038 1036
1034 1039
1040 1039
2 1041
1041 1042
1043 1042
1043 1044
1045 1043
1046 1042
1047 1046
1048 1047
1049 1048
1047 1050
1050 1051
1052 1046
1052 1053
1053 1054
1055 1054
1054 1056
1053 1057
1057 1058
1057 1059
1060 1059
1059 1061
1053 1062
1052 1063
1063 1064
1065 1064
1066 1064
1067 1066
1068 1064
1069 1063
1069 1070
1070 1071
1072 1070
1070 1073
1074 1052
1074 1075
1075 1076
1077 1075
1078 1077
1075 1079
1080 1079
1080 1081
1080 1082
1083 1075
1075 1084
1085 1052
1085 1086
1087 1086
1088 1086
1089 1085
1085 1090
1090 1091
1092 1091
1093 1090
1094 1085
1095 1085
1096 1095
1097 1095
1098 1085
1046 1099
1100 1099
1101 1100
1101 1102
1101 1103
1104 1101
1105 1101
1101 1106
1100 1107
1107 1108
1109 1108
1108 1110
1107 1111
1107 1112
1107 1113
1107 1114
1115 1114
1116 1115
1107 1117
1118 1117
1119 1117
1117 1120
1121 1117
1117 1122
1123 1100
1123 1124
1125 1124
1124 1126
1123 1127
1127 1128
1127 1129
1127 1130
1131 1100
1132 1131
1133 1131
1131 1134
1134 1135
1136 1100
1099 1137
1137 1138
1139 1137
1140 1139
1141 1140
1142 1141
1143 1139
1144 1143
1145 1137
1146 1137
1146 1147
1148 1137
1149 1148
1149 1150
1151 1149
1152 1148
1153 1137
1154 1153
1155 1046
1156 1155
1156 1157
1156 1158
1156 1159
1156 1160
1161 1155
1161 1162
1155 1163
1164 1155
1164 1165
1165 1166
1164 1167
1168 1042
1168 1169
1168 1170
1171 1170
1168 1172
1042 1173
1174 1173
1175 1174
1175 1176
1175 1177
1178 1174
1178 1179
1180 1179
1181 1179
1179 1182
1183 1178
1184 1178
1184 1185
1186 1174
1186 1187
1188 1186
1189 1188
1190 1174
1190 1191
1174 1192
1193 1192
1192 1194
1195 1192
1195 1196
1197 1196
1195 1198
1195 1199
1173 1200
1200 1201
1201 1202
1201 1203
1204 1203
1205 1203
1201 1206
1201 1207
1207 1208
1200 1209
1210 1173
1211 1210
1212 1211
1212 1213
1211 1214
1214 1215
1214 1216
1217 1216
1218 1210
1219 1218
1218 1220
1221 1218
1221 1222
1223 1218
1224 1223
1224 1225
1224 1226
1210 1227
1227 1228
1229 1228
1229 1230
1231 1229
1232 1231
1228 1233
1228 1234
1234 1235
1234 1236
1237 1236
1234 1238
1238 1239
1240 1239
1241 1239
1239 1242
1239 1243
1239 1244
1245 1238
1246 1245
1245 1247
1238 1248
1234 1249
1249 1250
1251 1250
1252 1251
1253 1252
1254 1252
1251 1255
1251 1256
1250 1257
1258 1257
1234 1259
1260 1234
1261 1260
1262 1261
1263 1261
1264 1261
1265 1264
1227 1266
1266 1267
1268 1267
1268 1269
1270 1267
1271 1267
1267 1272
1267 1273
1274 1273
1273 1275
1276 1273
1267 1277
1278 1277
1279 1277
1280 1277
1173 1281
1282 1281
1283 1282
1284 1283
1283 1285
1282 1286
1286 1287
1282 1288
1288 1289
1290 1288
1288 1291
1282 1292
1293 1292
1294 1292
1295 1281
1296 1295
1296 1297
1298 1297
1299 1298
1296 1300
1300 1301
1302 1301
1303 1301
1301 1304
1301 1305
1300 1306
1307 1281
1307 1308
1308 1309
1310 1307
1310 1311
1312 1310
1310 1313
1314 1310
1315 1307
1315 1316
1316 1317
1315 1318
1307 1319
1320 1307
1320 1321
1320 1322
1323 1320
1307 1324
1324 1325
1326 1281
1327 1173
1327 1328
1328 1329
1329 1330
1329 1331
1328 1332
1333 1332
1334 1332
1328 1335
1335 1336
1328 1337
1337 1338
1339 1337
1340 1339
1341 1337
1328 1342
1343 1342
1344 1343
1345 1042
1346 1345
1347 1346
1347 1348
1347 1349
1349 1350
1347 1351
1351 1352
1351 1353
1354 1347
1346 1355
1355 1356
1355 1357
1358 1357
1359 1355
1360 1355
1360 1361
1362 1360
1363 1360
1364 1355
1365 1364
1366 1364
1364 1367
1368 1364
1369 1345
1370 1369
1370 1371
1371 1372
1372 1373
1372 1374
1371 1375
1376 1375
1377 1376
1378 1377
1379 1378
1378 1380
1376 1381
1381 1382
1375 1383
1384 1370
1385 1384
1384 1386
1387 1386
1388 1370
1388 1389
1388 1390
1388 1391
1370 1392
1392 1393
1370 1394
1395 1394
1396 1395
1396 1397
1395 1398
1395 1399
1400 1395
1401 1395
1395 1402
1394 1403
1404 1403
1405 1403
1394 1406
1407 1406
1408 1407
1409 1406
1406 1410
1411 1410
1406 1412
1413 1412
1414 1406
1414 1415
1394 1416
1417 1416
1418 1416
1416 1419
1420 1394
1421 1420
1422 1420
1370 1423
1424 1423
1425 1424
1425 1426
1425 1427
1424 1428
1429 1423
1430 1429
1423 1431
1345 1432
1432 1433
1434 1432
1042 1435
1435 1436
1437 1436
1436 1438
1438 1439
1440 1436
1441 1435
1442 1441
1442 1443
1444 1443
1445 1442
1446 1441
1446 1447
1447 1448
1449 1447
1450 1447
1446 1451
1451 1452
1453 1452
1454 1453
1453 1455
1456 1441
1457 1456
1457 1458
1459 1458
1457 1460
1461 1460
1462 1457
1441 1463
1435 1464
1464 1465
1466 1465
1467 1464
1468 1467
1464 1469
1470 1469
1470 1471
1471 1472
1435 1473
1474 1473
1475 1474
1475 1476
1477 1476
1477 1478
1479 1477
1480 1475
1480 1481
1482 1480
1480 1483
1484 1480
1485 1475
1485 1486
1475 1487
1487 1488
1489 1487
1490 1473
1491 1490
1491 1492
1493 1491
1494 1491
1495 1491
1490 1496
1497 1496
1496 1498
1499 1498
1498 1500
1501 1500
1500 1502
1503 1496
1503 1504
1505 1496
1506 1505
1505 1507
1507 1508
1509 1507
1505 1510
1511 1473
1041 1512
1513 1512
1513 1514
1515 1514
1515 1516
1517 1516
1517 1518
1519 1518
1518 1520
1521 1518
1521 1522
1518 1523
1524 1517
1524 1525
1526 1525
1525 1527
1528 1525
1525 1529
1524 1530
1531 1530
1524 1532
1533 1524
1533 1534
1533 1535
1535 1536
1536 1537
1538 1533
1539 1533
1540 1533
1541 1533
1542 1541
1524 1543
1543 1544
1524 1545
1545 1546
1547 1545
1548 1545
1545 1549
1550 1549
1549 1551
1545 1552
1552 1553
1554 1553
1554 1555
1556 1545
1557 1517
1558 1557
1559 1558
1560 1559
1560 1561
1562 1561
1563 1562
1563 1564
1565 1562
1561 1566
1561 1567
1568 1567
1569 1561
1570 1569
1561 1571
1571 1572
1573 1571
1574 1571
1571 1575
1571 1576
1571 1577
1578 1561
1579 1578
1558 1580
1581 1580
1582 1580
1580 1583
1558 1584
1584 1585
1585 1586
1586 1587
1586 1588
1585 1589
1590 1589
1591 1590
1590 1592
1593 1590
1590 1594
1595 1590
1589 1596
1589 1597
1598 1597
1599 1598
1600 1585
1600 1601
1602 1601
1602 1603
1602 1604
1602 1605
1606 1602
1607 1606
1601 1608
1601 1609
1609 1610
1601 1611
1611 1612
1613 1611
1614 1611
1600 1615
1516 1616
1616 1617
1618 1617
1618 1619
1620 1617
1621 1617
1622 1621
1623 1621
1624 1617
1616 1625
1626 1625
1616 1627
1627 1628
1629 1628
1629 1630
1629 1631
1629 1632
1629 1633
1633 1634
1635 1633
1629 1636
1637 1629
1628 1638
1638 1639
1638 1640
1638 1641
1642 1638
1627 1643
1644 1643
1645 1644
1646 1645
1647 1645
1648 1647
1649 1647
1650 1647
1651 1647
1647 1652
1653 1644
1653 1654
1655 1653
1656 1653
1657 1644
1657 1658
1659 1657
1657 1660
1661 1644
1661 1662
1663 1662
1662 1664
1664 1665
1664 1666
1662 1667
1668 1662
1662 1669
1662 1670
1671 1670
1670 1672
1673 1670
1661 1674
1675 1674
1661 1676
1661 1677
1678 1644
1678 1679
1678 1680
1681 1644
1682 1681
1683 1682
1684 1682
1682 1685
1681 1686
1687 1681
1688 1687
1687 1689
1687 1690
1691 1687
1692 1681
1692 1693
1694 1693
1695 1693
1693 1696
1692 1697
1698 1627
1699 1698
1699 1700
1701 1699
1702 1627
1703 1702
1616 1704
1704 1705
1705 1706
1705 1707
1708 1705
1709 1708
1705 1710
1705 1711
1712 1705
1713 1704
1713 1714
1714 1715
1716 1714
1717 1714
1714 1718
1714 1719
1720 1713
1721 1713
1721 1722
1722 1723
1724 1723
1724 1725
1724 1726
1726 1727
1724 1728
1728 1729
1730 1728
1724 1731
1732 1731
1724 1733
1734 1733
1735 1733
1736 1724
1737 1736
1738 1736
1739 1736
1736 1740
1722 1741
1742 1713
1743 1742
1744 1743
1745 1743
1743 1746
1747 1742
1748 1747
1749 1747
1742 1750
1750 1751
1752 1750
1753 1750
1713 1754
1754 1755
1756 1754
1757 1756
1754 1758
1759 1754
1760 1759
1759 1761
1759 1762
1763 1759
1764 1754
1765 1764
1766 1764
1764 1767
1704 1768
1768 1769
1769 1770
1771 1768
1772 1771
1771 1773
1771 1774
1775 1774
1776 1774
1774 1777
1778 1768
1779 1778
1768 1780
1780 1781
1780 1782
1780 1783
1780 1784
1785 1780
1768 1786
1768 1787
1787 1788
1616 1789
1790 1789
1791 1790
1791 1792
1792 1793
1791 1794
1795 1794
1796 1794
1797 1791
1797 1798
1799 1798
1800 1797
1800 1801
1791 1802
1803 1790
1803 1804
1805 1804
1806 1803
1807 1803
1808 1803
1803 1809
1803 1810
1811 1789
1811 1812
1813 1812
1812 1814
1815 1811
1815 1816
1811 1817
1817 1818
1819 1817
1811 1820
1811 1821
1822 1821
1823 1789
1824 1823
1825 1824
1823 1826
1827 1826
1828 1826
1823 1829
1830 1823
1831 1823
1789 1832
1833 1832
1833 1834
1835 1833
1836 1833
1837 1616
1838 1837
1838 1839
1839 1840
1841 1840
1842 1841
1841 1843
1841 1844
1845 1841
1846 1841
1841 1847
1840 1848
1849 1848
1848 1850
1848 1851
1848 1852
1853 1848
1854 1840
1855 1854
1856 1854
1854 1857
1854 1858
1854 1859
1860 1840
1860 1861
1862 1861
1862 1863
1864 1863
1863 1865
1861 1866
1866 1867
1868 1867
1869 1839
1869 1870
1870 1871
1872 1869
1872 1873
1872 1874
1875 1869
1876 1869
1876 1877
1876 1878
1876 1879
1869 1880
1880 1881
1882 1881
1881 1883
1880 1884
1885 1884
1886 1884
1887 1884
1888 1884
1869 1889
1890 1889
1889 1891
1889 1892
1893 1839
1894 1893
1895 1893
1893 1896
1893 1897
1893 1898
1893 1899
1839 1900
1901 1900
1901 1902
1901 1903
1903 1904
1905 1901
1905 1906
1907 1905
1908 1905
1909 1901
1909 1910
1909 1911
1909 1912
1909 1913
1914 1901
1839 1915
1915 1916
1917 1839
1917 1918
1917 1919
1920 1919
1919 1921
1922 1917
1923 1838
1924 1923
1924 1925
1926 1924
1927 1924
1927 1928
1929 1928
1924 1930
1931 1930
1924 1932
1923 1933
1934 1933
1933 1935
1935 1936
1937 1933
1938 1933
1938 1939
1838 1940
1941 1940
1941 1942
1943 1940
1944 1943
1943 1945
1940 1946
1946 1947
1946 1948
1946 1949
1946 1950
1946 1951
1952 1940
1952 1953
1952 1954
1940 1955
1955 1956
1955 1957
1955 1958
1837 1959
1959 1960
1961 1959
1959 1962
1963 1837
1963 1964
1965 1964
1965 1966
1966 1967
1963 1968
1968 1969
1970 1969
1971 1968
1972 1971
1971 1973
1968 1974
1974 1975
1976 1974
1974 1977
1978 1837
1979 1978
1980 1979
1981 1979
1982 1516
1983 1982
1984 1983
1983 1985
1986 1983
1987 1986
1988 1982
1982 1989
1989 1990
1991 1989
1982 1992
1993 1982
1993 1994
1994 1995
1996 1993
1996 1997
1982 1998
1999 1998
2000 1998
2001 1516
2001 2002
2002 2003
2004 2003
2003 2005
2003 2006
2007 2002
2008 2002
2009 2002
2001 2010
2011 2010
2011 2012
2013 2011
2013 2014
2015 2011
2016 2015
2017 2015
2018 2011
2019 2018
2020 2018
2018 2021
2022 2018
2011 2023
2023 2024
2025 2024
2024 2026
2010 2027
2028 2010
2029 2028
2010 2030
2031 2030
2032 2010
2033 2032
2034 2033
2035 2034
2034 2036
2033 2037
2038 2037
2039 2032
2040 2032
2041 2040
2032 2042
2043 2032
2043 2044
2043 2045
2046 2043
2032 2047
2047 2048
2047 2049
2010 2050
1512 2051
2052 2051
2052 2053
2053 2054
2054 2055
2055 2056
2056 2057
2058 2054
2058 2059
2060 2059
2059 2061
2062 2059
2059 2063
2064 2063
2059 2065
2066 2058
2067 2066
2068 2067
2066 2069
2070 2069
2071 2069
2072 2069
2073 2066
2074 2066
2058 2075
2076 2075
2077 2075
2075 2078
2079 2058
2080 2079
2079 2081
2079 2082
2083 2079
2084 2058
2084 2085
2084 2086
2087 2058
2088 2087
2088 2089
2090 2088
2090 2091
2088 2092
2093 2092
2094 2092
2095 2054
2054 2096
2097 2096
2097 2098
2098 2099
2099 2100
2098 2101
2097 2102
2103 2102
2102 2104
2105 2104
2097 2106
2106 2107
2107 2108
2109 2107
2110 2107
2107 2111
2106 2112
2106 2113
2114 2106
2115 2114
2115 2116
2114 2117
2118 2114
2119 2097
2119 2120
2096 2121
2122 2121
2123 2121
2123 2124
2124 2125
2126 2125
2124 2127
2128 2124
2129 2128
2129 2130
2124 2131
2124 2132
2133 2121
2133 2134
2133 2135
2136 2135
2135 2137
2138 2135
2133 2139
2140 2121
2141 2140
2142 2141
2142 2143
2142 2144
2145 2141
2146 2145
2121 2147
2148 2147
2147 2149
2150 2149
2151 2150
2150 2152
2152 2153
2150 2154
2150 2155
2156 2155
2157 2121
2096 2158
2158 2159
2160 2159
2158 2161
2162 2161
2163 2162
2164 2163
2162 2165
2165 2166
2167 2166
2168 2166
2168 2169
2170 2168
2171 2168
2172 2166
2172 2173
2172 2174
2172 2175
2176 2165
2177 2176
2178 2176
2179 2178
2176 2180
2181 2176
2182 2176
2183 2182
2182 2184
2185 2165
2186 2185
2187 2186
2187 2188
2189 2186
2158 2190
2190 2191
2192 2191
2190 2193
2194 2193
2193 2195
2190 2196
2197 2196
2190 2198
2199 2198
2198 2200
2198 2201
2198 2202
2158 2203
2204 2203
2205 2203
2205 2206
2096 2207
2207 2208
2209 2208
2209 2210
2211 2209
2212 2209
2208 2213
2214 2208
2215 2207
2216 2215
2216 2217
2218 2217
2217 2219
2217 2220
2221 2217
2217 2222
2223 2222
2217 2224
2224 2225
2226 2215
2227 2226
2228 2226
2215 2229
2230 2229
2231 2215
2207 2232
2207 2233
2234 2233
2235 2096
2236 2235
2236 2237
2237 2238
2238 2239
2238 2240
2241 2238
2242 2237
2243 2242
2244 2242
2242 2245
2246 2237
2246 2247
2236 2248
2249 2248
2250 2249
2249 2251
2252 2236
2252 2253
2236 2254
2255 2236
2256 2235
2256 2257
2258 2257
2259 2257
2260 2256
2261 2260
2261 2262
2263 2262
2264 2263
2262 2265
2266 2265
2267 2265
2262 2268
2268 2269
2262 2270
2261 2271
2272 2271
2273 2271
2274 2261
2274 2275
2276 2274
2277 2274
2274 2278
2278 2279
2274 2280
2281 2274
2282 2281
2261 2283
2283 2284
2284 2285
2285 2286
2287 2235
2287 2288
2289 2288
2290 2288
2290 2291
2291 2292
2287 2293
2293 2294
2293 2295
2293 2296
2293 2297
2298 2293
2287 2299
2235 2300
2301 2300
2301 2302
2301 2303
2301 2304
2304 2305
2306 2301
2306 2307
2308 2306
2309 2301
2309 2310
2301 2311
2052 2312
2312 2313
2314 2313
2313 2315
2316 2315
2317 2316
2318 2316
2313 2319
2313 2320
2320 2321
2320 2322
2313 2323
2312 2324
2325 2324
2325 2326
2327 2326
2327 2328
2327 2329
2330 2327
2331 2327
2332 2331
2331 2333
2334 2327
2326 2335
2336 2335
2335 2337
2338 2337
2337 2339
2340 2337
2326 2341
2342 2341
2342 2343
2341 2344
2345 2341
2345 2346
2345 2347
2348 2326
2349 2348
2349 2350
2351 2348
2348 2352
2353 2352
2352 2354
2355 2352
2348 2356
2357 2326
2358 2357
2359 2325
2359 2360
2361 2312
2361 2362
2361 2363
2361 2364
2365 2361
2361 2366
2361 2367
2367 2368
2369 2051
2369 2370
2371 2370
2372 2370
2373 2370
2370 2374
2375 2370
2376 2375
2377 2370
2378 2377
2379 2377
2369 2380
2369 2381
2382 2369
2382 2383
2384 2369
2385 2384
2385 2386
2387 2386
2386 2388
2389 2388
2386 2390
2390 2391
2392 2390
2393 2392
2392 2394
2390 2395
2396 2386
2396 2397
2398 2396
2386 2399
2399 2400
2401 2385
2401 2402
2403 2401
2401 2404
2404 2405
2404 2406
2404 2407
2401 2408
2408 2409
2408 2410
2411 2401
2411 2412
2413 2401
2414 2413
2414 2415
2416 2413
2417 2413
2413 2418
2418 2419
2413 2420
2385 2421
2422 2421
2423 2422
2422 2424
2425 2422
2426 2422
2421 2427
2427 2428
2429 2427
2430 2421
2431 2430
2432 2431
2433 2430
2433 2434
2434 2435
2436 2430
2436 2437
2437 2438
2436 2439
2430 2440
2441 2440
2440 2442
2443 2384
2444 2443
2445 2444
2446 2444
2443 2447
2447 2448
2449 2448
2450 2449
2449 2451
2452 2449
2453 2449
2448 2454
2455 2454
2447 2456
2457 2447
2457 2458
2459 2457
2447 2460
2460 2461
2462 2461
2462 2463
2463 2464
2447 2465
2466 2443
2467 2466
2467 2468
2467 2469
2470 2469
2469 2471
2472 2467
2473 2472
2473 2474
2475 2467
2476 2475
2477 2476
2478 2466
2479 2478
2480 2479
2481 2479
2482 2481
2479 2483
2484 2479
2485 2484
2485 2486
2487 2485
2384 2488
2488 2489
2488 2490
2491 2488
